2.40482556043592
5.52007810562150
8.65372793469187
11.79153446083780
14.93091773030610
18.07106398974920
21.21163665173390
24.35247155260630
27.49347915389660
30.63460649029230
33.77582023543230
36.91709837552030
40.05842578648440
43.19979173503100
46.34118839351350
49.48260991925010
52.62405186296810
55.76551077687260
58.90698394793340
62.04846921207970
65.18996482205930
68.33146935170880
71.47298162544520
74.61450066555290
77.75602565223990
80.89755589298940
84.03909079878940
87.18062986549250
90.32217265906280
93.46371880379570
96.60526797284870
99.74681988053220
102.88837427604600
106.02993093830400
109.17148967165700
112.31305030234700
115.45461267551900
118.59617665272400
121.73774210980300
124.87930893508500
128.02087702786100
131.16244629706600
134.30401666015800
137.44558804213600
140.58716037470600
143.72873359554200
146.87030764764900
150.01188247880700
153.15345804108000
156.29503429038600
159.43661118611600
162.57818869079900
165.71976676980800
168.86134539108800
172.00292452493100
175.14450414375600
178.28608422192600
181.42766473558400
184.56924566249100
187.71082698190300
190.85240867443400
193.99399072196200
197.13557310751400
200.27715581518600
203.41873883005100
206.56032213809800
209.70190572614700
212.84348958180300
215.98507369338700
219.12665804989400
222.26824264093800
225.40982745671300
228.55141248795200
231.69299772589200
234.83458316223700
237.97616878912900
241.11775459912100
244.25934058514900
247.40092674050600
250.54251305882400
253.68409953404600
256.82568616041800
259.96727293245800
263.10885984494900
266.25044689292000
269.39203407163000
272.53362137655800
275.67520880339100
278.81679634800700
281.95838400646800
285.09997177501300
288.24155965004100
291.38314762810900
294.52473570591900
297.66632388031200
300.80791214826500
303.94950050687400
307.09108895335900
310.23267748504900
313.37426609938200
316.51585479389700
319.65744356623000
322.79903241411000
325.94062133535000
329.08221032785200
332.22379938959400
335.36538851862800
338.50697771308200
341.64856697115200
344.79015629109800
347.93174567124400
351.07333510997500
354.21492460573000
357.35651415700800
360.49810376235500
363.63969342037100
366.78128312970200
369.92287288904100
373.06446269712500
376.20605255273300
379.34764245468200
382.48923240183300
385.63082239308100
388.77241242735500
391.91400250362100
395.05559262087900
398.19718277815700
401.33877297451600
404.48036320904400
407.62195348086100
410.76354378910900
413.90513413296000
417.04672451160900
420.18831492427600
423.32990537020200
426.47149584865400
429.61308635891700
432.75467690029900
435.89626747212600
439.03785807374700
442.17944870452400
445.32103936384200
448.46263005110000
451.60422076571600
454.74581150712200
457.88740227476700
461.02899306811400
464.17058388664300
467.31217472984400
470.45376559722400
473.59535648830100
476.73694740260800
479.87853833968700
483.02012929909400
486.16172028039700
489.30331128317400
492.44490230701300
495.58649335151500
498.72808441628900
501.86967550095400
505.01126660513800
508.15285772848100
511.29444887062800
514.43604003123600
517.57763120996800
520.71922240649500
523.86081362049900
527.00240485166600
530.14399609969100
533.28558736427600
536.42717864513100
539.56876994197100
542.71036125451900
545.85195258250300
548.99354392565800
552.13513528372600
555.27672665645300
558.41831804359100
561.55990944490000
564.70150086014200
567.84309228908700
570.98468373150700
574.12627518718300
577.26786665589700
580.40945813743800
583.55104963159800
586.69264113817500
589.83423265697000
592.97582418779000
596.11741573044400
599.25900728474500
602.40059885051300
605.54219042756800
608.68378201573600
611.82537361484500
614.96696522472700
618.10855684522000
621.25014847616000
624.39174011739100
627.53333176875900
630.67492343011100
633.81651510129900
636.95810678217900
640.09969847260600
643.24129017244100
646.38288188154800
649.52447359979000
652.66606532703800
655.80765706316000
658.94924880803100
662.09084056152500
665.23243232352000
668.37402409389700
671.51561587253900
674.65720765932800
677.79879945415300
680.94039125690200
684.08198306746500
687.22357488573700
690.36516671161000
693.50675854498300
696.64835038575400
699.78994223382200
702.93153408909000
706.07312595146300
709.21471782084500
712.35630969714500
715.49790158026900
718.63949347013100
721.78108536664000
724.92267726971200
728.06426917926000
731.20586109520200
734.34745301745500
737.48904494593900
740.63063688057500
743.77222882128400
746.91382076799000
750.05541272061700
753.19700467909200
756.33859664334100
759.48018861329300
762.62178058887800
765.76337257002600
768.90496455666900
772.04655654873900
775.18814854617200
778.32974054890100
781.47133255686300
784.61292456999600
787.75451658823600
790.89610861152500
794.03770063980100
797.17929267300500
800.32088471108000
803.46247675396800
806.60406880161400
809.74566085396100
812.88725291095500
816.02884497254300
819.17043703867200
822.31202910929000
825.45362118434500
828.59521326378700
831.73680534756600
834.87839743563400
838.01998952794100
841.16158162444100
844.30317372508700
847.44476582983300
850.58635793863300
853.72795005144200
856.86954216821700
860.01113428891400
863.15272641348900
866.29431854190200
869.43591067411000
872.57750281007200
875.71909494974900
878.86068709309900
882.00227924008400
885.14387139066500
888.28546354480500
891.42705570246400
894.56864786360700
897.71024002819600
900.85183219619600
903.99342436757200
907.13501654228700
910.27660872030700
913.41820090159900
916.55979308612900
919.70138527386300
922.84297746476900
925.98456965881400
929.12616185596800
932.26775405619700
935.40934625947100
938.55093846576100
941.69253067503400
944.83412288726300
947.97571510241600
951.11730732046600
954.25889954138400
957.40049176514200
960.54208399171100
963.68367622106400
966.82526845317400
969.96686068801400
973.10845292555800
976.25004516578000
979.39163740865400
982.53322965415400
985.67482190225600
988.81641415293400
991.95800640616400
995.09959866192200
998.24119092018500
1001.38278318092000
1004.52437544412000
1007.66596770976000
1010.80755997780000
1013.94915224824000
1017.09074452104000
1020.23233679619000
1023.37392907366000
1026.51552135343000
1029.65711363548000
1032.79870591980000
1035.94029820635000
1039.08189049512000
1042.22348278610000
1045.36507507925000
1048.50666737456000
1051.64825967201000
1054.78985197159000
1057.93144427326000
1061.07303657702000
1064.21462888285000
1067.35622119072000
1070.49781350062000
1073.63940581254000
1076.78099812644000
1079.92259044233000
1083.06418276017000
1086.20577507995000
1089.34736740166000
1092.48895972528000
1095.63055205079000
1098.77214437818000
1101.91373670743000
1105.05532903852000
1108.19692137144000
1111.33851370617000
1114.48010604270000
1117.62169838102000
1120.76329072110000
1123.90488306293000
1127.04647540650000
1130.18806775179000
1133.32966009880000
1136.47125244750000
1139.61284479788000
1142.75443714992000
1145.89602950362000
1149.03762185896000
1152.17921421593000
1155.32080657451000
1158.46239893469000
1161.60399129646000
1164.74558365980000
1167.88717602470000
1171.02876839115000
1174.17036075914000
1177.31195312865000
1180.45354549968000
1183.59513787220000
1186.73673024622000
1189.87832262170000
1193.01991499866000
1196.16150737706000
1199.30309975691000
1202.44469213819000
1205.58628452089000
1208.72787690500000
1211.86946929050000
1215.01106167739000
1218.15265406565000
1221.29424645528000
1224.43583884627000
1227.57743123860000
1230.71902363226000
1233.86061602725000
1237.00220842355000
1240.14380082115000
1243.28539322005000
1246.42698562023000
1249.56857802168000
1252.71017042440000
1255.85176282838000
1258.99335523360000
1262.13494764006000
1265.27654004774000
1268.41813245664000
1271.55972486675000
1274.70131727807000
1277.84290969057000
1280.98450210425000
1284.12609451911000
1287.26768693514000
1290.40927935232000
1293.55087177065000
1296.69246419012000
1299.83405661072000
1302.97564903244000
1306.11724145528000
1309.25883387923000
1312.40042630428000
1315.54201873042000
1318.68361115764000
1321.82520358594000
1324.96679601530000
1328.10838844573000
1331.24998087721000
1334.39157330974000
1337.53316574330000
1340.67475817790000
1343.81635061352000
1346.95794305016000
1350.09953548780000
1353.24112792645000
1356.38272036610000
1359.52431280673000
1362.66590524835000
1365.80749769094000
1368.94909013450000
1372.09068257902000
1375.23227502449000
1378.37386747092000
1381.51545991829000
1384.65705236659000
1387.79864481582000
1390.94023726598000
1394.08182971705000
1397.22342216903000
1400.36501462192000
1403.50660707570000
1406.64819953038000
1409.78979198595000
1412.93138444239000
1416.07297689971000
1419.21456935790000
1422.35616181696000
1425.49775427687000
1428.63934673763000
1431.78093919923000
1434.92253166168000
1438.06412412497000
1441.20571658908000
1444.34730905402000
1447.48890151977000
1450.63049398634000
1453.77208645372000
1456.91367892190000
1460.05527139088000
1463.19686386066000
1466.33845633121000
1469.48004880256000
1472.62164127468000
1475.76323374757000
1478.90482622123000
1482.04641869565000
1485.18801117083000
1488.32960364677000
1491.47119612345000
1494.61278860088000
1497.75438107904000
1500.89597355794000
1504.03756603757000
1507.17915851793000
1510.32075099900000
1513.46234348079000
1516.60393596330000
1519.74552844651000
1522.88712093042000
1526.02871341503000
1529.17030590034000
1532.31189838634000
1535.45349087302000
1538.59508336038000
1541.73667584842000
1544.87826833714000
1548.01986082652000
1551.16145331657000
1554.30304580728000
1557.44463829865000
1560.58623079067000
1563.72782328334000
1566.86941577665000
1570.01100827061000
1573.15260076520000
1576.29419326043000
1579.43578575629000
1582.57737825277000
1585.71897074988000
1588.86056324760000
1592.00215574594000
1595.14374824490000
1598.28534074446000
1601.42693324462000
1604.56852574538000
1607.71011824675000
1610.85171074870000
1613.99330325125000
1617.13489575438000
1620.27648825810000
1623.41808076239000
1626.55967326727000
1629.70126577271000
1632.84285827873000
1635.98445078531000
1639.12604329246000
1642.26763580017000
1645.40922830843000
1648.55082081725000
1651.69241332662000
1654.83400583654000
1657.97559834700000
1661.11719085800000
1664.25878336954000
1667.40037588162000
1670.54196839423000
1673.68356090736000
1676.82515342103000
1679.96674593521000
1683.10833844992000
1686.24993096515000
1689.39152348089000
1692.53311599714000
1695.67470851390000
1698.81630103116000
1701.95789354893000
1705.09948606720000
1708.24107858597000
1711.38267110523000
1714.52426362499000
1717.66585614523000
1720.80744866596000
1723.94904118718000
1727.09063370888000
1730.23222623105000
1733.37381875371000
1736.51541127683000
1739.65700380043000
1742.79859632450000
1745.94018884903000
1749.08178137403000
1752.22337389948000
1755.36496642540000
1758.50655895177000
1761.64815147860000
1764.78974400587000
1767.93133653360000
1771.07292906177000
1774.21452159039000
1777.35611411945000
1780.49770664894000
1783.63929917888000
1786.78089170925000
1789.92248424005000
1793.06407677128000
1796.20566930294000
1799.34726183503000
1802.48885436754000
1805.63044690047000
1808.77203943382000
1811.91363196759000
1815.05522450177000
1818.19681703637000
1821.33840957137000
1824.48000210678000
1827.62159464260000
1830.76318717883000
1833.90477971545000
1837.04637225248000
1840.18796478990000
1843.32955732773000
1846.47114986594000
1849.61274240455000
1852.75433494354000
1855.89592748293000
1859.03752002270000
1862.17911256285000
1865.32070510339000
1868.46229764430000
1871.60389018560000
1874.74548272727000
1877.88707526931000
1881.02866781173000
1884.17026035452000
1887.31185289768000
1890.45344544120000
1893.59503798509000
1896.73663052934000
1899.87822307396000
1903.01981561893000
1906.16140816427000
1909.30300070996000
1912.44459325600000
1915.58618580239000
1918.72777834914000
1921.86937089624000
1925.01096344368000
1928.15255599147000
1931.29414853961000
1934.43574108808000
1937.57733363690000
1940.71892618606000
1943.86051873555000
1947.00211128538000
1950.14370383555000
1953.28529638604000
1956.42688893687000
1959.56848148803000
1962.71007403952000
1965.85166659133000
1968.99325914346000
1972.13485169592000
1975.27644424871000
1978.41803680181000
1981.55962935523000
1984.70122190897000
1987.84281446302000
1990.98440701739000
1994.12599957207000
1997.26759212706000
2000.40918468236000
2003.55077723797000
2006.69236979388000
2009.83396235011000
2012.97555490663000
2016.11714746346000
2019.25874002059000
2022.40033257801000
2025.54192513574000
2028.68351769377000
2031.82511025208000
2034.96670281070000
2038.10829536960000
2041.24988792880000
2044.39148048829000
2047.53307304807000
2050.67466560813000
2053.81625816848000
2056.95785072911000
2060.09944329003000
2063.24103585123000
2066.38262841271000
2069.52422097448000
2072.66581353652000
2075.80740609883000
2078.94899866142000
2082.09059122429000
2085.23218378743000
2088.37377635084000
2091.51536891453000
2094.65696147848000
2097.79855404270000
2100.94014660719000
2104.08173917195000
2107.22333173697000
2110.36492430225000
2113.50651686780000
2116.64810943360000
2119.78970199967000
2122.93129456600000
2126.07288713258000
2129.21447969942000
2132.35607226652000
2135.49766483387000
2138.63925740148000
2141.78084996933000
2144.92244253744000
2148.06403510580000
2151.20562767441000
2154.34722024326000
2157.48881281236000
2160.63040538171000
2163.77199795130000
2166.91359052114000
2170.05518309122000
2173.19677566153000
2176.33836823210000
2179.47996080289000
2182.62155337393000
2185.76314594521000
2188.90473851672000
2192.04633108846000
2195.18792366045000
2198.32951623266000
2201.47110880511000
2204.61270137778000
2207.75429395069000
2210.89588652383000
2214.03747909719000
2217.17907167079000
2220.32066424461000
2223.46225681865000
2226.60384939292000
2229.74544196741000
2232.88703454213000
2236.02862711706000
2239.17021969222000
2242.31181226760000
2245.45340484319000
2248.59499741901000
2251.73658999504000
2254.87818257129000
2258.01977514775000
2261.16136772442000
2264.30296030132000
2267.44455287842000
2270.58614545573000
2273.72773803326000
2276.86933061099000
2280.01092318894000
2283.15251576709000
2286.29410834545000
2289.43570092401000
2292.57729350279000
2295.71888608176000
2298.86047866094000
2302.00207124033000
2305.14366381991000
2308.28525639970000
2311.42684897969000
2314.56844155987000
2317.71003414026000
2320.85162672084000
2323.99321930163000
2327.13481188261000
2330.27640446378000
2333.41799704515000
2336.55958962671000
2339.70118220847000
2342.84277479042000
2345.98436737256000
2349.12595995489000
2352.26755253742000
2355.40914512013000
2358.55073770303000
2361.69233028612000
2364.83392286940000
2367.97551545286000
2371.11710803651000
2374.25870062034000
2377.40029320436000
2380.54188578856000
2383.68347837295000
2386.82507095752000
2389.96666354227000
2393.10825612720000
2396.24984871230000
2399.39144129759000
2402.53303388306000
2405.67462646871000
2408.81621905453000
2411.95781164053000
2415.09940422670000
2418.24099681305000
2421.38258939958000
2424.52418198628000
2427.66577457315000
2430.80736716019000
2433.94895974741000
2437.09055233480000
2440.23214492235000
2443.37373751008000
2446.51533009798000
2449.65692268604000
2452.79851527427000
2455.94010786267000
2459.08170045124000
2462.22329303997000
2465.36488562887000
2468.50647821793000
2471.64807080716000
2474.78966339655000
2477.93125598610000
2481.07284857582000
2484.21444116569000
2487.35603375573000
2490.49762634593000
2493.63921893629000
2496.78081152680000
2499.92240411748000
2503.06399670831000
2506.20558929930000
2509.34718189045000
2512.48877448175000
2515.63036707321000
2518.77195966482000
2521.91355225659000
2525.05514484851000
2528.19673744059000
2531.33833003282000
2534.47992262520000
2537.62151521773000
2540.76310781041000
2543.90470040324000
2547.04629299623000
2550.18788558936000
2553.32947818264000
2556.47107077607000
2559.61266336964000
2562.75425596337000
2565.89584855724000
2569.03744115126000
2572.17903374542000
2575.32062633973000
2578.46221893418000
2581.60381152877000
2584.74540412351000
2587.88699671839000
2591.02858931342000
2594.17018190858000
2597.31177450389000
2600.45336709934000
2603.59495969493000
2606.73655229066000
2609.87814488652000
2613.01973748253000
2616.16133007868000
2619.30292267496000
2622.44451527138000
2625.58610786793000
2628.72770046463000
2631.86929306146000
2635.01088565842000
2638.15247825552000
2641.29407085275000
2644.43566345012000
2647.57725604762000
2650.71884864525000
2653.86044124302000
2657.00203384092000
2660.14362643895000
2663.28521903711000
2666.42681163540000
2669.56840423382000
2672.70999683237000
2675.85158943105000
2678.99318202986000
2682.13477462880000
2685.27636722787000
2688.41795982706000
2691.55955242638000
2694.70114502583000
2697.84273762540000
2700.98433022510000
2704.12592282492000
2707.26751542487000
2710.40910802494000
2713.55070062514000
2716.69229322546000
2719.83388582590000
2722.97547842647000
2726.11707102715000
2729.25866362796000
2732.40025622889000
2735.54184882995000
2738.68344143112000
2741.82503403241000
2744.96662663382000
2748.10821923536000
2751.24981183701000
2754.39140443877000
2757.53299704066000
2760.67458964267000
2763.81618224479000
2766.95777484703000
2770.09936744938000
2773.24096005185000
2776.38255265444000
2779.52414525714000
2782.66573785996000
2785.80733046289000
2788.94892306594000
2792.09051566910000
2795.23210827237000
2798.37370087576000
2801.51529347926000
2804.65688608287000
2807.79847868659000
2810.94007129042000
2814.08166389437000
2817.22325649843000
2820.36484910259000
2823.50644170687000
2826.64803431125000
2829.78962691575000
2832.93121952035000
2836.07281212507000
2839.21440472989000
2842.35599733481000
2845.49758993985000
2848.63918254499000
2851.78077515024000
2854.92236775560000
2858.06396036106000
2861.20555296663000
2864.34714557230000
2867.48873817808000
2870.63033078396000
2873.77192338995000
2876.91351599604000
2880.05510860224000
2883.19670120854000
2886.33829381494000
2889.47988642144000
2892.62147902805000
2895.76307163475000
2898.90466424156000
2902.04625684847000
2905.18784945549000
2908.32944206260000
2911.47103466981000
2914.61262727712000
2917.75421988454000
2920.89581249205000
2924.03740509966000
2927.17899770737000
2930.32059031518000
2933.46218292308000
2936.60377553109000
2939.74536813919000
2942.88696074738000
2946.02855335568000
2949.17014596407000
2952.31173857256000
2955.45333118114000
2958.59492378982000
2961.73651639860000
2964.87810900746000
2968.01970161643000
2971.16129422549000
2974.30288683464000
2977.44447944389000
2980.58607205323000
2983.72766466266000
2986.86925727218000
2990.01084988180000
2993.15244249151000
2996.29403510132000
2999.43562771121000
3002.57722032120000
3005.71881293127000
3008.86040554144000
3012.00199815170000
3015.14359076205000
3018.28518337249000
3021.42677598301000
3024.56836859363000
3027.70996120434000
3030.85155381514000
3033.99314642602000
3037.13473903699000
3040.27633164805000
3043.41792425920000
3046.55951687044000
3049.70110948176000
3052.84270209317000
3055.98429470467000
3059.12588731626000
3062.26747992792000
3065.40907253968000
3068.55066515152000
3071.69225776345000
3074.83385037546000
3077.97544298756000
3081.11703559974000
3084.25862821201000
3087.40022082436000
3090.54181343679000
3093.68340604931000
3096.82499866191000
3099.96659127459000
3103.10818388736000
3106.24977650021000
3109.39136911314000
3112.53296172615000
3115.67455433925000
3118.81614695243000
3121.95773956568000
3125.09933217902000
3128.24092479244000
3131.38251740595000
3134.52411001953000
3137.66570263319000
3140.80729524693000
3143.94888786075000
3147.09048047465000
3150.23207308863000
3153.37366570269000
3156.51525831683000
3159.65685093104000
3162.79844354533000
3165.94003615971000
3169.08162877416000
3172.22322138868000
3175.36481400329000
3178.50640661797000
3181.64799923273000
3184.78959184756000
3187.93118446247000
3191.07277707746000
3194.21436969252000
3197.35596230766000
3200.49755492288000
3203.63914753817000
3206.78074015353000
3209.92233276897000
3213.06392538449000
3216.20551800007000
3219.34711061574000
3222.48870323147000
3225.63029584729000
3228.77188846317000
3231.91348107913000
3235.05507369516000
3238.19666631126000
3241.33825892744000
3244.47985154368000
3247.62144416001000
3250.76303677640000
3253.90462939286000
3257.04622200940000
3260.18781462601000
3263.32940724268000
3266.47099985943000
3269.61259247626000
3272.75418509315000
3275.89577771011000
3279.03737032714000
3282.17896294424000
3285.32055556141000
3288.46214817865000
3291.60374079596000
3294.74533341334000
3297.88692603079000
3301.02851864831000
3304.17011126590000
3307.31170388355000
3310.45329650127000
3313.59488911906000
3316.73648173692000
3319.87807435485000
3323.01966697284000
3326.16125959090000
3329.30285220903000
3332.44444482722000
3335.58603744549000
3338.72763006381000
3341.86922268221000
3345.01081530067000
3348.15240791919000
3351.29400053779000
3354.43559315644000
3357.57718577517000
3360.71877839395000
3363.86037101281000
3367.00196363173000
3370.14355625071000
3373.28514886975000
3376.42674148887000
3379.56833410804000
3382.70992672728000
3385.85151934658000
3388.99311196595000
3392.13470458538000
3395.27629720487000
3398.41788982443000
3401.55948244405000
3404.70107506373000
3407.84266768347000
3410.98426030328000
3414.12585292315000
3417.26744554308000
3420.40903816307000
3423.55063078313000
3426.69222340324000
3429.83381602342000
3432.97540864366000
3436.11700126396000
3439.25859388432000
3442.40018650474000
3445.54177912522000
3448.68337174576000
3451.82496436636000
3454.96655698702000
3458.10814960775000
3461.24974222853000
3464.39133484937000
3467.53292747027000
3470.67452009123000
3473.81611271224000
3476.95770533332000
3480.09929795446000
3483.24089057565000
3486.38248319690000
3489.52407581822000
3492.66566843958000
3495.80726106101000
3498.94885368250000
